1 19
-1 0 -1 -1 1.0 -0.94083561
-1 0 -1 -1 1.0 -0.4044253
1 0 -1 -1 0.5 -0.67263045
-1 0 -1 -1 1.0 0.50957325
2 0 -1 1 0.25 -0.0815286
-1 0 -1 -1 1.0 -0.92289743
-1 0 -1 -1 1.0 -1.7060233
3 0 -1 -1 0.5 -1.31446036
4 0 3 2 0.125 -0.69799448
-1 0 -1 -1 1.0 -1.15953799
-1 0 -1 -1 1.0 -0.92067658
5 0 -1 -1 0.5 -1.04010729
-1 0 -1 -1 1.0 -0.6509181
6 0 -1 5 0.25 -0.84551269
-1 0 -1 -1 1.0 -1.61309275
-1 0 -1 -1 1.0 -0.09502752
7 0 -1 -1 0.5 -0.85406013
8 0 7 6 0.125 -0.84978641
9 1 8 4 0.0 -0.77389045